[app/ui]
version = 7.0.1
modtime = 1520664481.985070000

[app/launcher]
version = 7.0.1
modtime = 1520664481.989728000
